90/10
7
44
53
112
118
135
510
529
609
725
730
816
825
887
986
1020
1027
1091
1112
1249
1328
1430
1476
1774
1785
1830
1859
1864
1908
1917
2100
2217
2412
2420
2421
2546
2579
2672
2723
2791
2796
2819
2821
2843
2890
2914
2915
2960
3042
3081
3091
3131
3141
3148
3297
3557
3605
3647
3654
3712
3736
3793
3848
3921
3946
4114
4137
4237
4357
4486
4524
4722
4762
4844
4866
4885
4908
4939
5118
5207
5225
5265
5325
5456
5470
5610
5646
5839
5864
5877
5888
5960
5999
6074
6085
6088
6346
6385
6523
6555
6565
6766
6847
6854
6883
6916
6917
6934
6987
6994
6999
7133
7287
7324
7409
7589
7790
7808
7898
7922
7927
7960
7988
7990
7997
8112
8232
8275
8419
8456
8486
8604
8703
8760
8797
8803
8946
8962
9006
9061
9223
9289
9331
9420
9630
9649
9773
9821
9823
9912
9952
9959
9968
10075
10088
10110
10190
10196
10442
10482
10723
10835
10951
10996
11003
11049
11073
11136
11144
11171
11173
11187
11194
11199
11246
11259
11310
11403
11701
11799
11878
11891
11989
12082
12139
12299
12302
12342
12352
12401
12418
12482
12484
12532
12607
12622
12628
12695
12828
12862
13007
13046
13058
13134
13225
13267
13271
13290
13294
13369
13429
13529
13585
13586
13594
13624
13626
13733
13822
13978
14055
14091
14112
14198
14346
14502
14526
14591
14685
14720
14743
14781
14794
14805
14841
14871
14889
14910
14936
14989
15062
15148
15179
15200
15209
15295
15316
15539
15568
15599
15626
15682
15702
15723
15797
15799
15803
15876
16039
16049
16136
16168
16212
16214
16322
16391
16416
16533
16555
16601
16620
16621
16632
16679
16764
16912
17007
17146
17246
17251
17333
17368
17420
17431
17804
17852
17883
17935
18051
18065
18118
18141
18224
18357
18554
18682
18712
18736
18783
18816
18866
18884
18912
18945
18959
19089
19143
19184
19218
19456
19590
19662
19685
19696
19728
20010
20021
20099
20160
20264
20388
20492
20497
20498
20598
20656
20699
20787
20938
20994
21068
21140
21191
21206
21251
21334
21384
21448
21679
21682
21772
21784
21858
21863
22155
22247
22318
22365
22374
22390
22393
22510
22528
22563
22591
22621
22640
22645
22702
22708
22715
22854
22900
22916
23032
23139
23178
23214
23264
23372
23408
23481
23567
23656
23674
23808
23895
23935
23966
23982
24098
24158
24205
24282
24323
24374
24437
24440
24452
24466
24678
24699
24764
24836
24888
24927
24961
25022
25081
25171
25229
25248
25533
25658
25692
25853
25859
25905
25907
26035
26080
26093
26111
26392
26522
26544
26808
26871
26885
26903
26984
27275
27277
27350
27531
27583
27641
27658
27676
27695
27721
27815
27880
27893
27935
27986
28014
28092
28128
28137
28152
28201
28220
28257
28267
28301
28369
28372
28443
28530
28776
28789
28849
28876
28946
28982
29099
29102
29108
29171
29377
29490
29491
29539
29610
29638
29700
29781
29960
30013
30106
30205
30290
30402
30447
30500
30610
30614
30656
30749
30776
30894
30912
30939
31092
31107
31162
31212
31352
31381
31414
31784
31915
31973
32090
32259
32316
32324
32378
32465
32474
32509
32566
32639
32698
32734
32814
32928
33062
33170
33193
33218
33249
33264
33294
33335
33356
33576
33620
33798
33829
33845
34099
34114
34278
34319
34341
34362
34407
34410
34481
34693
34753
34794
34814
34932
34939
35086
35135
35142
35152
35244
35292
35395
35442
35515
35666
35677
35776
35801
35857
36124
36139
36169
36249
36332
36416
36440
36478
36482
36531
36703
36807
36815
36849
36869
36917
37070
37075
37175
37293
37296
37322
37388
37407
37410
37425
37475
37559
37564
37705
37841
37869
37880
37973
38003
38043
38161
38188
38288
38341
38379
38523
38689
38696
38751
38792
38835
38850
38878
39046
39109
39123
39131
39161
39236
39301
39309
39481
39515
39535
39742
39944
39949
39995
40231
40330
40338
40349
40377
40423
40424
40467
40510
40600
40794
40818
40822
40883
40899
40972
41001
41064
41132
41210
41378
41460
41482
41553
41601
41702
41721
41862
41928
41951
42036
42160
42173
42349
42364
42536
42716
42780
42795
42843
42900
42979
43003
43268
43290
43295
43673
43843
43882
44052
44085
44092
80/20
13
50
53
72
76
90
94
116
223
278
328
345
391
527
555
653
725
765
776
823
882
1010
1017
1036
1038
1043
1071
1073
1120
1153
1206
1362
1387
1398
1415
1438
1460
1468
1530
1535
1588
1635
1646
1650
1657
1678
1747
1848
1861
1915
1942
1983
2020
2080
2105
2174
2191
2195
2206
2223
2233
2245
2319
2386
2445
2461
2468
2508
2577
2591
2594
2595
2645
2647
2687
2690
2716
2731
2809
2817
2834
2857
2916
2917
2955
2966
3054
3259
3288
3322
3344
3358
3367
3434
3442
3476
3513
3518
3549
3577
3578
3606
3696
3719
3733
3739
3741
3750
3769
3781
3827
3831
3879
4008
4014
4040
4051
4064
4136
4147
4214
4215
4240
4255
4284
4330
4345
4360
4407
4419
4494
4512
4527
4534
4582
4664
4670
4711
4730
4742
4769
4776
4798
4809
4817
4837
4854
4857
4884
4901
4941
4976
4979
4990
5114
5210
5231
5234
5277
5307
5452
5505
5507
5515
5529
5539
5548
5550
5646
5689
5725
5731
5746
5752
5761
5780
5825
5847
5915
5958
6020
6035
6071
6103
6127
6193
6232
6295
6317
6393
6410
6418
6477
6497
6509
6525
6562
6578
6690
6740
6821
6855
6922
6963
6976
7017
7020
7059
7060
7070
7072
7093
7108
7203
7344
7363
7395
7442
7510
7559
7622
7660
7663
7670
7703
7726
7756
7795
7810
7910
7954
7956
8000
8030
8080
8105
8126
8135
8143
8151
8216
8233
8304
8312
8347
8411
8430
8477
8484
8523
8543
8565
8574
8575
8596
8678
8740
8745
8839
8840
8845
8887
8892
9038
9134
9174
9225
9235
9252
9362
9437
9464
9471
9535
9604
9615
9630
9640
9707
9768
9796
9806
9817
9818
9849
9903
9969
9985
10009
10037
10041
10055
10212
10241
10254
10263
10332
10339
10393
10422
10463
10537
10602
10764
10793
10860
10871
10874
10893
10901
10978
11095
11106
11152
11175
11253
11295
11371
11375
11398
11400
11420
11445
11474
11494
11497
11529
11578
11658
11725
11755
11799
11845
11850
11907
11947
11997
12063
12066
12073
12107
12136
12195
12250
12264
12363
12428
12447
12449
12460
12484
12528
12558
12612
12616
12676
12694
12777
12864
12878
12894
12935
12977
12984
13003
13028
13047
13076
13078
13092
13094
13105
13312
13339
13394
13431
13463
13544
13584
13591
13602
13649
13670
13763
13768
13780
13787
13822
13949
13954
13960
14000
14020
14036
14053
14066
14159
14216
14265
14266
14271
14272
14298
14323
14355
14392
14404
14412
14422
14451
14513
14561
14628
14773
14806
14826
14844
14915
15024
15027
15060
15085
15106
15113
15211
15224
15273
15292
15323
15335
15341
15350
15361
15370
15416
15424
15448
15450
15456
15537
15565
15646
15692
15709
15711
15773
15809
15839
15849
15860
15916
15959
15979
16066
16102
16127
16194
16208
16235
16237
16260
16327
16385
16483
16552
16619
16673
16690
16736
16800
16808
16818
16846
16922
16938
16953
16971
16991
17011
17056
17063
17104
17110
17288
17337
17349
17488
17507
17580
17594
17624
17647
17661
17692
17796
17852
17863
17881
17895
18063
18105
18123
18136
18196
18220
18272
18276
18283
18296
18357
18395
18417
18462
18524
18539
18541
18577
18630
18668
18695
18725
18789
18798
18881
18939
18945
18950
18990
19019
19053
19058
19184
19193
19224
19258
19305
19340
19363
19386
19387
19400
19469
19479
19528
19530
19590
19608
19658
19691
19695
19710
19746
19767
19793
19832
20017
20051
20116
20125
20134
20233
20296
20324
20333
20368
20454
20471
20500
20528
20562
20573
20632
20671
20683
20729
20823
20835
20901
20922
20942
20971
20997
21053
21100
21101
21149
21206
21223
21232
21233
21237
21245
21262
21297
21337
21349
21392
21446
21463
21514
21560
21597
21673
21713
21721
21760
21792
21962
21984
22017
22026
22115
22149
22165
22197
22230
22290
22362
22368
22385
22408
22422
22439
22442
22446
22584
22622
22665
22680
22722
22755
22783
22801
22820
22849
22878
22898
23012
23074
23082
23092
23113
23168
23176
23209
23211
23246
23262
23287
23294
23419
23426
23476
23485
23519
23532
23546
23578
23596
23614
23640
23784
23832
23869
23906
23933
23995
24006
24007
24017
24052
24237
24244
24255
24286
24287
24306
24348
24375
24400
24429
24448
24479
24522
24528
24566
24570
24575
24628
24649
24662
24681
24699
24726
24738
24769
24789
24869
24906
24910
24973
24975
24983
25028
25040
25127
25133
25183
25237
25254
25266
25287
25308
25361
25419
25440
25442
25571
25589
25653
25715
25760
25801
25827
25840
25864
26054
26081
26083
26097
26101
26134
26142
26163
26167
26185
26202
26304
26342
26379
26420
26426
26499
26535
26541
26624
26642
26708
26769
26846
26853
26864
26886
26897
26924
26931
27006
27008
27083
27119
27152
27165
27190
27214
27216
27230
27305
27347
27392
27395
27414
27434
27500
27620
27635
27651
27668
27749
27797
27890
27972
28053
28101
28124
28133
28215
28468
28574
28593
28637
28651
28663
28729
28762
28783
28830
28833
28834
28884
28898
28958
29078
29130
29173
29240
29245
29249
29261
29322
29327
29329
29338
29375
29401
29411
29458
29476
29518
29537
29580
29621
29654
29658
29679
29711
29736
29739
29860
29876
29909
29913
29964
29999
30077
30099
30102
30116
30167
30176
30221
30303
30462
30506
30535
30568
30619
30624
30645
30717
30806
30821
30845
30846
30919
30931
30957
30962
30973
31038
31048
31095
31116
31131
31212
31312
31322
31335
31388
31406
31412
31419
31428
31458
31464
31467
31527
31552
31568
31573
31600
31646
31658
31712
31723
31794
31873
31874
31897
31909
31924
31982
32001
32041
32053
32062
32116
32174
32270
32271
32276
32284
32363
32449
32450
32456
32471
32494
32548
32627
32664
32674
32797
32799
32804
32807
32810
32813
32824
32835
32854
32856
32879
32897
32926
32931
33095
33277
33331
33424
33435
33476
33484
33486
33551
33608
33624
33659
33703
33812
33859
33877
34032
34038
34059
34110
34155
34161
34210
34219
34243
34365
34527
34611
34623
34631
34669
34678
34693
34772
34782
34818
34843
34844
34866
34912
34957
35038
35086
35105
35115
35123
35150
35213
35238
35244
35249
35255
35263
35267
35288
35311
35312
35334
35361
35408
35495
35538
35546
35559
35564
35594
35615
35676
35807
35812
35825
35874
35908
35921
35950
35967
36065
36067
36090
36169
36230
36236
36247
36266
36280
36285
36355
36357
36358
36382
36450
36467
36493
36533
36710
36736
36754
36770
36784
36835
36839
36917
36978
37001
37011
37072
37108
37119
37178
37282
37310
37321
37344
37377
37389
37434
37439
37463
37488
37507
37559
37596
37602
37618
37695
37705
37765
37801
37927
37937
37967
37983
37999
38003
38005
38054
38121
38153
38197
38205
38254
38277
38279
38387
38419
38442
38463
38486
38522
38570
38644
38647
38652
38735
38748
38770
38819
38824
38848
38855
38856
38937
38963
39042
39047
39086
39116
39147
39148
39296
39356
39369
39406
39482
39540
39664
39672
39678
39681
39702
39750
39855
39894
39915
39928
39985
39989
40013
40036
40040
40080
40310
40384
40399
40415
40439
40511
40532
40642
40697
40798
40800
40817
40828
40829
40842
40921
40926
40946
40982
41002
41074
41133
41164
41239
41253
41260
41261
41299
41364
41386
41423
41450
41486
41535
41576
41593
41614
41628
41686
41822
41859
41888
41899
41952
41997
42003
42042
42052
42107
42159
42201
42229
42237
42252
42279
42283
42301
42309
42323
42335
42417
42448
42553
42585
42602
42651
42676
42690
42725
42803
42877
42942
42945
42965
43036
43074
43087
43090
43117
43132
43172
43206
43215
43242
43476
43492
43503
43553
43554
43604
43667
43770
43836
43841
43855
43934
43952
43972
43976
43991
44087
44118
44139
70/30
19
42
86
88
125
142
165
167
180
195
296
306
314
360
417
516
536
541
549
601
687
703
705
738
776
777
795
833
883
903
913
948
949
957
1025
1027
1059
1067
1073
1196
1362
1392
1449
1453
1605
1658
1660
1669
1713
1843
1852
1874
1949
1974
1992
2047
2056
2081
2096
2117
2138
2145
2185
2245
2293
2303
2304
2308
2341
2370
2426
2442
2444
2465
2532
2542
2548
2581
2605
2617
2639
2661
2685
2698
2702
2715
2750
2778
2785
2847
2924
2925
2931
2957
3023
3120
3159
3189
3192
3198
3234
3243
3247
3248
3251
3257
3306
3308
3316
3330
3386
3416
3436
3522
3596
3656
3700
3712
3721
3722
3772
3781
3817
3874
3876
3911
3928
3940
3950
3966
3975
3979
4059
4072
4157
4159
4193
4247
4411
4412
4445
4470
4474
4494
4504
4629
4681
4818
4828
4836
4854
4878
4886
4992
5011
5023
5045
5051
5052
5067
5083
5087
5091
5129
5145
5147
5179
5198
5244
5250
5257
5300
5382
5395
5410
5474
5491
5566
5598
5668
5739
5743
5771
5786
5850
5854
5864
5915
5919
5951
5978
6039
6057
6090
6127
6177
6249
6289
6309
6311
6373
6382
6410
6417
6458
6480
6483
6499
6520
6522
6531
6551
6598
6610
6636
6696
6705
6720
6732
6774
6792
6799
6829
6859
6871
6873
6899
6919
6986
7013
7058
7071
7080
7141
7161
7199
7242
7268
7295
7317
7339
7367
7408
7414
7480
7482
7540
7542
7560
7568
7572
7638
7648
7679
7688
7748
7796
7815
7889
7906
7930
7976
8003
8023
8026
8038
8082
8087
8105
8114
8142
8143
8251
8293
8318
8348
8362
8367
8369
8392
8408
8410
8414
8473
8523
8542
8591
8599
8649
8658
8689
8702
8731
8765
8781
8796
8828
8907
8971
8985
8996
9005
9014
9022
9049
9070
9100
9114
9130
9188
9211
9218
9230
9237
9263
9330
9361
9385
9415
9421
9552
9568
9576
9586
9611
9616
9658
9684
9701
9777
9795
9817
9874
9901
9912
9987
9998
10021
10035
10041
10097
10116
10147
10159
10172
10180
10224
10254
10264
10282
10307
10354
10396
10445
10466
10528
10552
10587
10592
10615
10627
10654
10658
10669
10681
10749
10849
10873
10887
10905
10920
10960
10963
10991
11009
11030
11040
11056
11075
11086
11089
11096
11105
11181
11192
11197
11206
11252
11287
11290
11306
11328
11333
11350
11359
11402
11416
11428
11441
11504
11507
11516
11531
11584
11606
11681
11695
11717
11743
11752
11771
11785
11878
11892
11945
11998
12053
12136
12148
12168
12217
12248
12272
12295
12300
12309
12389
12418
12426
12430
12433
12506
12571
12639
12644
12653
12695
12775
12858
12877
12887
12896
12907
12975
13046
13070
13240
13241
13252
13258
13322
13348
13372
13378
13387
13394
13397
13456
13494
13561
13636
13637
13638
13651
13677
13709
13714
13730
13794
13822
13844
13862
13882
13903
13966
14153
14190
14194
14223
14256
14332
14335
14350
14351
14433
14434
14445
14494
14535
14541
14542
14594
14603
14633
14669
14697
14707
14750
14774
14816
14843
14887
14899
14911
15039
15040
15049
15055
15136
15151
15216
15277
15296
15332
15378
15393
15413
15448
15453
15591
15608
15632
15646
15667
15668
15674
15768
15798
15840
15911
15921
15942
15968
16002
16066
16078
16117
16161
16206
16232
16244
16263
16278
16279
16293
16346
16391
16446
16488
16555
16557
16561
16567
16575
16598
16655
16692
16716
16722
16725
16775
16781
16790
16793
16795
16806
16886
16887
16938
16986
17009
17064
17131
17157
17159
17182
17217
17230
17237
17247
17250
17264
17272
17297
17299
17320
17321
17339
17411
17418
17421
17436
17447
17451
17456
17485
17509
17550
17617
17627
17662
17664
17665
17674
17723
17732
17887
17931
17961
17995
18025
18092
18117
18122
18123
18132
18139
18160
18164
18181
18208
18224
18240
18246
18259
18345
18346
18465
18558
18600
18638
18663
18665
18671
18687
18744
18810
18865
18877
18928
18949
18960
18961
18970
19008
19038
19047
19072
19086
19106
19107
19132
19140
19174
19186
19193
19217
19232
19267
19279
19282
19288
19304
19425
19439
19496
19504
19509
19525
19527
19583
19639
19649
19658
19679
19685
19714
19757
19762
19803
19840
19853
19861
19902
19903
19944
19955
20022
20032
20072
20091
20111
20120
20130
20132
20136
20146
20174
20187
20220
20292
20314
20316
20328
20339
20370
20385
20406
20422
20437
20444
20465
20469
20473
20532
20555
20560
20628
20632
20652
20654
20682
20708
20794
20807
20819
20877
20881
20890
20933
20973
21080
21139
21145
21151
21191
21195
21209
21221
21235
21242
21272
21306
21309
21317
21345
21385
21388
21396
21412
21458
21474
21548
21556
21576
21608
21630
21659
21677
21700
21704
21707
21720
21745
21760
21841
21884
21886
21888
21924
21927
21929
21955
21964
21973
21986
22014
22021
22022
22045
22101
22109
22166
22167
22176
22177
22214
22268
22297
22303
22333
22339
22343
22372
22379
22387
22422
22473
22522
22569
22600
22654
22657
22713
22751
22768
22781
22792
22848
22864
22882
22911
22941
22964
22986
23030
23032
23054
23057
23089
23126
23140
23158
23218
23224
23236
23264
23281
23282
23367
23399
23406
23448
23454
23469
23477
23493
23496
23499
23503
23541
23585
23609
23628
23658
23674
23688
23695
23707
23738
23752
23762
23775
23783
23794
23826
23832
23881
23909
23913
23939
23969
23984
23997
24049
24060
24079
24101
24107
24148
24154
24185
24236
24241
24256
24269
24287
24340
24363
24371
24409
24420
24452
24456
24486
24543
24557
24586
24650
24656
24670
24680
24692
24696
24730
24811
24823
24829
24837
24851
24858
24867
24870
24889
24899
24906
24910
24942
24947
24949
24953
24963
25008
25047
25102
25155
25185
25264
25269
25284
25285
25328
25364
25430
25439
25450
25458
25487
25575
25586
25632
25666
25684
25687
25761
25776
25783
25798
25840
25905
25915
25942
25948
25972
26055
26084
26155
26158
26191
26210
26235
26243
26284
26293
26297
26449
26455
26478
26490
26523
26528
26551
26568
26586
26613
26644
26669
26697
26705
26730
26750
26752
26755
26758
26827
26917
26969
26986
27004
27066
27138
27155
27177
27248
27260
27425
27433
27505
27549
27555
27563
27576
27587
27597
27613
27633
27634
27664
27678
27758
27835
27846
27878
27904
27908
27926
27962
27992
28033
28035
28043
28059
28115
28143
28157
28172
28203
28213
28236
28287
28296
28316
28339
28401
28441
28462
28525
28532
28543
28549
28600
28608
28623
28651
28660
28664
28671
28700
28713
28732
28768
28798
28802
28812
28830
28839
28841
28861
28889
28906
28921
28924
28932
28936
28940
28946
28989
28996
28999
29079
29086
29095
29107
29137
29160
29161
29211
29229
29231
29237
29268
29312
29388
29429
29445
29463
29474
29541
29566
29576
29583
29595
29610
29676
29771
29787
29798
29812
29853
29923
29937
29957
30004
30047
30051
30142
30244
30252
30273
30285
30324
30354
30357
30456
30512
30534
30575
30633
30680
30684
30694
30698
30728
30851
30904
30922
30950
30977
31011
31033
31037
31059
31073
31074
31076
31087
31141
31264
31272
31321
31325
31340
31408
31462
31555
31618
31620
31645
31748
31755
31780
31843
31855
31958
31969
31976
31980
32014
32086
32124
32155
32175
32219
32269
32281
32311
32368
32408
32428
32448
32465
32476
32487
32491
32494
32614
32647
32650
32681
32742
32754
32780
32792
32795
32826
32958
33037
33053
33159
33242
33264
33337
33344
33363
33427
33468
33473
33482
33486
33493
33554
33611
33652
33708
33711
33726
33766
33767
33773
33812
33838
33860
33883
33935
33951
33961
33973
34031
34077
34079
34125
34205
34226
34229
34245
34266
34292
34324
34330
34359
34366
34395
34402
34403
34409
34425
34464
34478
34487
34527
34528
34546
34556
34561
34593
34597
34645
34671
34734
34836
34846
34921
34949
34963
34968
34992
35008
35083
35180
35200
35205
35259
35293
35311
35344
35349
35364
35378
35388
35395
35427
35456
35482
35492
35511
35513
35578
35590
35610
35620
35626
35630
35662
35688
35712
35716
35736
35765
35821
35846
35850
35890
35919
35943
35966
35972
36032
36033
36070
36125
36126
36141
36173
36186
36282
36301
36336
36468
36499
36587
36610
36631
36667
36682
36693
36715
36719
36720
36729
36731
36761
36818
36851
36880
37067
37076
37126
37166
37174
37191
37217
37225
37262
37420
37434
37436
37442
37449
37456
37562
37584
37654
37679
37712
37742
37746
37796
37810
37822
37847
37863
37870
37877
37924
37933
37968
37997
38017
38037
38044
38047
38084
38096
38170
38173
38187
38204
38250
38300
38373
38496
38497
38551
38553
38563
38565
38567
38609
38648
38731
38742
38745
38746
38760
38803
38830
38915
38948
38984
39009
39022
39033
39100
39124
39132
39150
39199
39229
39248
39276
39294
39350
39391
39400
39420
39424
39433
39436
39439
39479
39512
39523
39571
39639
39728
39731
39749
39753
39756
39769
39783
39788
39791
39807
39818
39848
39868
39926
39928
39929
39985
39986
40012
40036
40073
40086
40194
40285
40377
40393
40409
40416
40418
40423
40551
40561
40582
40583
40586
40587
40650
40661
40681
40759
40781
40793
40856
40872
40883
40915
40923
40970
41004
41051
41076
41132
41157
41158
41162
41174
41205
41220
41268
41311
41331
41367
41440
41442
41445
41477
41482
41547
41565
41583
41597
41604
41646
41654
41694
41714
41746
41811
41863
41864
41866
41900
41916
41980
42062
42093
42105
42153
42247
42253
42262
42284
42287
42351
42366
42386
42401
42445
42464
42496
42498
42580
42583
42611
42622
42661
42663
42737
42818
42878
42958
42977
42980
42999
43017
43041
43058
43065
43077
43084
43108
43112
43219
43221
43246
43311
43319
43320
43333
43365
43378
43507
43640
43714
43765
43767
43806
43816
43848
43868
43944
44047
44048
44078
44109
44140
