===CPatMiner===
sequencer
52
123
205
253
333
494
585
637
756
761
812
842
942
1027
1129
1672
1987
2060
2137
2179
2576
2588
2662
2750
2862
3035
3085
3162
3365
3429
3515
3522
3541
3545
3560
3602
3677
3754
3794
3847
3966
4439
4448
4532
4758
4783
4846
4857
5082
5146
5283
5567
5625
5634
5799
5834
6156
6233
6353
6455
6493
6510
6709
6841
6921
7069
7106
7259
7507
7630
7688
7692
8028
8305
8342
8373
8559
8666
8741
8810
8844
9088
9235
9474
9585
9793
9983
10218
10247
10271
10314
10890
11162
11244
11536
11766
11932
12118
12206
12540
13025
13038
13196
13233
13242
13307
13519
13597
13721
14310
14394
14401
14431
14585
14639
14703
14995
15357
15512
15704
15864
16193
16547
16632
16643
16793
16808
16877
17004
17172
17358
17595
17954
17995
18315
18324
18717
18858
18963
19022
19360
19491
19986
20117
20179
20209
20210
20423
20577
20630
20655
20704
20988
21011
21180
21247
21452
21506
21564
21577
21820
21983
22049
22267
22447
22544
22554
22572
22654
22720
23133
23165
23520
23541
23556
23593
23753
23854
23866
23974
24006
24337
24491
24623
24692
24846
24875
24936
24964
25334
25492
25523
25673
25802
25965
26002
26190
26210
26352
26513
26682
26735
26742
26888
27195
27213
27304
27685
27786
27900
28050
28072
28108
28151
28166
28318
28540
28607
28827
28919
28926
29388
29547
29775
29915
30045
30261
30381
30405
30559
30754
31105
31151
31249
31345
31420
31618
31647
31900
32183
32221
32369
32493
32522
32618
32672
32690
32730
32768
32904
32919
32935
32997
33151
33231
33489
33494
33917
34959
35015
35102
35246
35524
35572
35645
35761
35831
36107
36110
36123
36319
36430
36560
36582
36666
36922
37120
37282
37436
37813
37849
37988
37998
38071
38091
38104
38155
38468
38479
38523
38636
38761
38995
39001
39087
39120
39126
39144
39267
39283
39363
39450
39587
39875
39899
40009
40121
40135
40245
40363
40406
40456
40481
40628
40631
40731
41178
41202
41259
41444
41528
41538
41617
41774
41836
41910
42031
42147
42281
42452
42861
43140
43143
43293
43379
43418
43420
43480
43526
43642
43692
43715
44050
44062
CODIT
395
465
671
824
985
1576
2302
2443
2950
3003
3026
3164
3623
3880
4222
4441
4755
4779
4874
4902
4969
5042
5076
5354
5907
6121
6754
6835
6864
6907
6976
7848
8273
8392
8416
8506
8572
8733
8942
9113
9126
9323
9768
9813
10172
10276
10546
10772
10965
11104
12233
12279
12506
12735
13549
13927
14154
14505
14617
14881
15018
15052
15224
15496
15542
15728
15849
16160
16478
16710
17013
17174
17828
17966
18279
18320
18361
18916
18940
18959
19000
19035
19093
19319
19376
19398
19660
19661
20285
20582
20661
20742
20808
20951
21233
21536
21624
21784
21854
22769
22805
22839
22903
23515
23710
23954
24479
24953
25157
25674
25699
25937
26092
26217
26225
26257
26421
26453
26505
26688
26962
27518
27913
27965
28480
28497
28620
28900
29646
29814
30029
30397
30549
30656
30738
30957
31005
31171
31215
31256
31805
32481
32713
32738
33090
33318
33583
33594
33825
33877
34065
34414
34645
35039
35614
36077
36109
36343
36385
36512
36648
36735
37020
37103
37314
37640
38027
38353
38463
38631
38654
38822
39293
39485
39785
39974
40314
40372
40439
40570
41043
41083
41146
41487
41523
41549
41735
41827
41928
41963
42157
42173
42184
42456
42637
42899
42928
43213
43508
Tufano19
5
13
64
395
560
680
864
941
957
1159
1335
1400
1473
1527
1609
1654
1710
1754
1888
1965
1972
2026
2058
2142
2291
2310
2327
2423
2540
2554
2712
2715
2771
2857
2859
3102
3160
3344
3399
3475
3515
3547
3724
4066
4186
4374
4376
4392
4405
4435
4749
4872
5084
5097
5202
5211
5321
5757
5922
6192
6217
6311
6335
6389
6951
7027
7053
7146
7200
7204
7263
7268
7374
7406
7452
7505
7658
7778
7849
7881
7913
8220
8269
8567
8711
8722
9032
9222
9249
9318
9382
9409
9523
9658
9721
9864
9957
10037
10155
10417
10756
10876
10941
11108
11153
11260
11432
11435
11570
11622
11639
11751
11801
11815
11880
12286
12563
12579
12638
12660
12703
12768
12828
12912
13067
13262
13302
13365
13488
13525
13616
13817
13883
13991
14064
14067
14249
14265
14411
14534
14604
14632
14667
14726
14797
14909
14981
15043
15124
15194
15223
15311
15318
15391
15551
15604
15672
15810
16114
16213
16258
16313
16499
16718
16812
16880
17113
17250
17254
17410
17620
17928
17967
18248
18311
18681
18823
18850
18887
19266
19305
19359
19435
19449
19841
20443
20602
20659
20678
20851
20949
21134
21201
21254
21352
21416
21591
21621
21696
21747
22028
22115
22202
22328
22673
22842
22880
23031
23201
23242
23519
23588
23594
23705
23873
24039
24093
24157
24260
24432
24574
24640
24728
24774
24778
24893
24934
25028
25042
25222
25363
25385
25423
25466
25518
25527
25542
25702
25710
26049
26091
26163
26300
26394
26644
26911
26922
26983
27034
27040
27188
27304
27390
27552
27784
27838
27846
27902
27932
28148
28183
28205
28350
28366
28401
28451
28568
28608
28857
28956
29039
29126
29189
29242
29334
29414
29423
29484
29507
29544
29865
29908
30003
30093
30246
30378
30586
30685
30930
30998
31114
31244
31685
31749
31798
31885
32241
32269
32277
32722
32775
32791
32826
32940
32985
33114
33147
33262
33297
33504
33711
33748
33786
33913
33952
33968
34244
34360
34511
34557
34605
34611
34769
35292
35525
35699
35747
35793
36185
36254
36415
36758
36780
36840
37376
37466
37497
37601
37637
37878
37916
37936
37948
37954
38178
38536
38554
38611
38793
38914
39016
39303
39380
39564
39713
39723
39915
40532
40548
40741
40770
40893
41013
41387
41438
41521
41554
41590
41624
41721
42292
42534
42628
42731
43324
43528
43682
43909
44062
44099
DLFix
6
73
229
247
310
330
353
419
423
467
529
539
754
755
890
963
1030
1091
1142
1225
1265
1270
1411
1428
1516
1518
1536
1697
1783
1859
1968
1981
2277
2303
2370
2377
2408
2432
2457
2589
2665
2760
2804
2995
3193
3212
3340
3376
3572
3647
3668
3972
3985
3992
4070
4082
4237
4312
4436
4450
4465
4500
4690
4845
4886
4893
5024
5161
5210
5315
5379
5387
5554
5640
5643
5755
5813
5817
5841
5843
5885
5899
5980
6018
6038
6075
6088
6125
6269
6336
6460
6534
6564
6574
6690
6732
6741
6767
6794
6874
7126
7157
7158
7238
7358
7379
7469
7481
7485
7506
7802
7868
8053
8062
8136
8156
8157
8187
8229
8494
8583
8601
8622
8760
9044
9102
9557
9681
9700
9815
9940
10028
10169
10187
10250
10342
10386
10466
10605
10669
10671
11201
11467
11471
11478
11679
11793
11934
12094
12487
12587
12972
13027
13069
13392
13410
13456
13622
13624
13666
13683
13779
13843
13883
14013
14037
14052
14239
14290
14451
14536
14596
14619
14671
14675
14796
14800
14876
15106
15362
15440
15470
15530
15555
15757
15799
16005
16050
16054
16184
16576
16585
16611
16793
17063
17128
17407
17529
17551
17576
17595
17615
17886
17892
17894
17897
17921
18241
18272
18419
18426
18465
18664
18686
18690
18739
18775
18854
19008
19072
19364
19367
19415
19585
19955
20045
20055
20128
20373
20542
20589
20622
20651
20686
20724
20739
20816
20884
20919
20997
21045
21093
21099
21183
21471
21649
21915
21924
22123
22146
22159
22169
22374
22425
22451
22459
22531
22559
22610
22616
22909
22985
23085
23090
23307
23320
23385
23394
23467
23487
23497
23708
23793
23858
23882
24172
24205
24328
24371
24383
24415
24445
24458
24949
25022
25023
25078
25220
25223
25225
25341
25481
25503
25504
25544
25612
25783
25853
25993
26124
26159
26163
26207
26223
26268
26278
26404
26487
26718
26860
26972
26975
27207
27216
27570
27573
27616
27695
27774
27831
27865
27882
27955
27958
27961
28018
28074
28254
28365
28367
28588
28608
28620
28630
28646
29071
29084
29098
29153
29221
29276
29281
29577
29598
29716
29781
30023
30080
30152
30185
30251
30276
30283
30337
30344
30356
30511
30574
30633
30718
30807
31127
31164
31311
31317
31356
31390
31456
31476
31514
31614
31780
31870
32144
32227
32232
32298
32373
32520
32549
32657
32799
32914
32972
33023
33101
33110
33150
33181
33356
33466
33499
33635
33926
34040
34075
34097
34140
34310
34339
34388
34452
34591
34671
35045
35088
35191
35327
35363
35393
35409
35446
35468
35840
35983
36052
36101
36355
36404
36472
36661
36670
36671
36723
36730
37137
37332
37404
37690
37752
37880
37986
38020
38233
38453
38525
38849
38935
39071
39154
39171
39185
39241
39312
39410
39420
39435
39509
39586
39624
39626
39803
39910
40029
40127
40274
40282
40343
40743
40778
40855
40863
40882
40971
41014
41031
41044
41137
41162
41245
41421
41501
41704
41886
41891
41996
42155
42217
42229
42230
42231
42250
42309
42539
42598
42835
42867
42933
42986
43018
43088
43215
43219
43236
43346
43367
43472
43565
43600
43672
43712
43853
44032
CoCoNuT
10
65
109
209
253
339
390
473
486
643
644
716
783
982
983
1015
1020
1159
1182
1196
1270
1283
1439
1441
1546
1558
1621
1630
1745
1759
1796
2099
2167
2172
2195
2221
2235
2385
2548
2681
2888
2947
2987
3152
3413
3545
3614
3685
3703
3844
3961
4158
4173
4295
4322
4351
4356
4457
4555
4573
4604
4642
4720
4770
4805
4817
4887
4911
5001
5026
5027
5186
5206
5238
5333
5357
5365
5376
5379
5679
5704
5814
5902
5939
5940
5990
6045
6068
6253
6321
6333
6526
6552
6634
6691
6828
6835
6917
6971
7048
7074
7091
7103
7181
7287
7425
7453
7467
7484
7525
7543
7594
7696
7839
7842
7904
7907
7914
7925
7980
8268
8370
8540
8558
8561
8608
8635
8637
8726
8741
8775
8855
8911
9040
9131
9435
9455
9525
9713
9803
9818
9878
9985
10198
10321
10493
10538
10672
10778
10899
11056
11131
11142
11347
11481
11602
11664
11774
11976
12106
12223
12571
12590
12695
12819
12894
12980
12982
13147
13150
13167
13192
13226
13290
13311
13458
13488
13534
13543
13588
13718
13846
14048
14123
14134
14383
14458
14488
14502
14516
14584
14701
14852
14907
14966
14982
15059
15100
15118
15142
15270
15322
15485
15487
15499
15583
15654
15680
15723
15790
15941
15968
15993
16300
16333
16431
16489
16527
16694
16770
16784
16790
16882
16929
16946
16951
16959
17030
17107
17193
17325
17479
17608
17622
17792
17855
17899
17973
17993
18005
18075
18083
18150
18285
18318
18384
18554
18567
18698
18726
18735
18738
18772
18793
18864
18881
18886
18996
19135
19214
19360
19481
19498
19608
19697
19737
19781
19868
19945
19949
20050
20076
20137
20208
20285
20382
20396
20467
20558
20568
20726
20787
20861
20948
20980
21025
21205
21213
21252
21280
21425
21516
21710
21758
21780
21801
21959
21991
22167
22318
22326
22359
22368
22369
22454
22494
22551
22638
22652
22717
22730
22732
22834
22923
22947
22999
23014
23085
23151
23204
23332
23470
23505
23584
23586
23652
23678
23725
23821
23830
24038
24129
24180
24261
24335
24442
24467
24469
24488
24861
25318
25462
25465
25473
25564
25594
25663
25703
25732
25749
25792
25931
25933
25958
25989
26054
26060
26114
26126
26188
26232
26282
26382
26450
26472
26473
26483
26487
26490
26680
26776
26889
26994
27065
27112
27162
27207
27291
27294
27312
27616
27659
27727
27728
27860
27870
28160
28185
28312
28354
28450
28717
28933
28936
28974
28978
29096
29181
29236
29410
29418
29425
29433
29439
29463
29483
29492
29573
29695
29708
29795
29917
29919
29963
29984
30000
30172
30174
30259
30540
30694
30711
30770
31219
31298
31304
31326
31342
31381
31394
31517
31562
31617
31755
31784
31791
31830
31880
32039
32149
32305
32371
32388
32389
32423
32432
32446
32652
32733
32808
32918
32936
33039
33051
33137
33195
33212
33308
33350
33384
33580
33699
33772
33827
33855
33904
33915
33922
33978
34116
34141
34167
34227
34305
34310
34322
34452
34514
34579
34591
34786
34816
34835
34874
34952
34954
35034
35084
35120
35217
35398
35504
35509
35591
35698
35703
36062
36129
36150
36244
36253
36372
36386
36842
36914
36924
36995
37038
37065
37086
37171
37291
37522
37640
37765
37770
37801
37839
37887
37914
38015
38040
38055
38063
38109
38208
38410
38667
38674
38806
38822
38823
38842
39103
39308
39339
39579
39645
39768
39790
39852
39912
39934
40064
40072
40211
40245
40264
40273
40285
40287
40293
40310
40320
40387
40573
40608
40867
41035
41221
41322
41330
41393
41495
41554
41819
41887
41983
42000
42112
42116
42118
42126
42133
42137
42214
42321
42394
42432
42531
42578
42740
42814
42838
42919
43046
43074
43248
43390
43401
43413
43516
43875
44050
44066
44107
DEAR
15
55
153
364
469
514
553
810
897
1006
1024
1168
1339
1376
1584
1623
1838
1868
1953
1998
2030
2107
2120
2143
2169
2170
2262
2424
2457
2544
2564
2590
2617
2665
2675
2714
2802
2844
3051
3152
3210
3243
3268
3360
3394
3432
3433
3445
3473
3492
3559
3593
3686
3707
3772
4091
4198
4281
4287
4344
4479
4557
4578
4608
4617
4623
4708
4732
4791
4900
4907
5190
5329
5386
5395
5423
5497
5683
5769
5782
6002
6093
6107
6205
6237
6244
6530
6557
6600
6729
6909
7002
7107
7126
7132
7184
7198
7211
7299
7326
7350
7676
7807
7855
7919
7974
8001
8084
8156
8327
8376
8419
8479
8500
8526
8543
8568
8596
8722
8812
9052
9143
9273
9304
9336
9346
9449
9475
9613
9647
9666
9900
9906
9911
9917
9981
10086
10240
10244
10266
10341
10476
10486
10498
10640
10786
10808
10835
10902
10982
10988
11056
11256
11264
11287
11362
11490
11650
11821
11979
11991
12031
12069
12112
12347
12369
12373
12388
12398
12489
12528
12719
12764
12841
12913
12925
12933
12945
12961
12966
13050
13066
13088
13089
13098
13109
13190
13227
13230
13272
13280
13319
13356
13357
13442
13520
13590
13632
13649
13727
13730
13790
13927
13951
14008
14045
14093
14187
14217
14269
14300
14313
14367
14435
14516
14820
14902
15060
15138
15150
15237
15299
15330
15364
15492
15687
15746
15816
15844
16014
16025
16029
16105
16173
16198
16229
16264
16325
16436
16464
16618
16840
16904
16911
17047
17153
17244
17245
17282
17567
17724
17750
17773
17790
17974
18067
18068
18145
18450
18471
18479
18482
18484
18542
18864
18924
18935
18994
19018
19080
19281
19290
19340
19537
19544
19563
19604
19793
19803
19856
19890
19901
19938
19947
20023
20075
20147
20193
20218
20245
20421
20496
20609
20858
20905
21118
21391
21399
21420
21592
21692
21730
21743
21763
21774
21796
21844
21952
22056
22075
22234
22285
22308
22498
22537
22614
22645
22648
22700
22924
22933
23002
23037
23105
23120
23205
23314
23336
23400
23433
23624
23826
23863
23940
24066
24108
24138
24140
24173
24182
24240
24248
24296
24333
24334
24422
24465
24545
24559
24602
24628
24754
24839
24841
24874
24940
24955
25160
25202
25216
25239
25259
25269
25320
25346
25372
25417
25420
25433
25549
25553
25595
25614
25679
25738
25739
25783
25816
25833
25853
25862
25925
26167
26188
26215
26285
26452
26479
26482
26622
26676
26743
26826
26838
27153
27182
27273
27286
27452
27656
27673
27795
27803
27837
27843
27864
27899
27927
27988
27994
28070
28080
28088
28251
28270
28404
28483
28554
28653
28682
28694
28748
28814
28915
29146
29159
29179
29193
29211
29347
29543
29591
29645
29649
29761
29857
29987
30088
30099
30136
30192
30230
30383
30417
30423
30462
30528
30682
30720
30787
30856
30887
30940
30993
31021
31037
31091
31215
31289
31545
31640
31677
31755
31878
31905
32172
32213
32358
32376
32394
32492
32514
32542
32654
32717
32773
32802
33048
33077
33173
33214
33235
33260
33321
33352
33362
33378
33384
33390
33400
33453
33470
33669
33680
33859
33873
33879
33893
33902
33966
33999
34000
34042
34380
34383
34398
34435
34462
34471
34517
34528
34547
34601
34711
34713
34721
34839
34841
34885
34887
34896
34900
35007
35036
35158
35163
35234
35267
35282
35384
35387
35400
35434
35544
35557
35571
35601
35646
35758
36059
36129
36167
36207
36288
36403
36407
36459
36586
36779
36801
36849
36906
36910
36919
36931
36949
36973
36977
36982
37012
37073
37106
37310
37336
37385
37438
37439
37519
37531
37605
37624
37738
37773
37838
37988
38010
38071
38091
38132
38249
38359
38502
38554
38564
38643
38662
38760
38905
39038
39060
39162
39172
39196
39218
39242
39345
39356
39380
39420
39443
39451
39456
39549
39622
39724
39756
39983
39993
40104
40219
40284
40337
40353
40437
40522
40593
40597
40688
40723
40749
40844
40848
40935
41031
41050
41061
41221
41236
41339
41393
41617
41694
41741
41807
41810
41822
41826
41896
42007
42174
42401
42440
42466
42540
42786
42858
42964
42978
42984
43029
43078
43104
43202
43489
43556
43588
43628
43642
43827
43847
43868
43945
43984
44005
44014
44032
44114
===BigFix===
sequencer
58
97
107
181
297
358
619
661
747
750
828
894
971
987
1039
1161
1176
1240
1296
1328
1423
1463
1547
1620
1669
1734
1758
1832
1923
2015
2176
2289
2304
2350
2365
2394
2431
2511
2518
2544
2557
2832
2986
3064
3102
3181
3218
3220
3260
3287
3354
3496
3514
3535
3612
3720
3748
3862
3894
3926
3949
4135
4169
4209
4233
4235
4267
4363
4412
4555
4615
4688
4740
4890
4942
5000
5103
5516
5519
5609
5640
5653
5657
5702
5822
5881
5915
5917
5962
6065
6099
6107
6111
6194
6224
6265
6304
6341
6377
6411
6492
6526
6606
6725
6744
6943
7038
7070
7171
7472
7531
7535
7544
7634
7823
7828
7874
7937
7958
7969
7986
7997
8126
8151
8413
8496
8542
8637
8813
8890
8947
9044
9065
9079
9096
9142
9223
9279
9313
9382
9583
9784
9990
10014
10071
10130
10187
10217
10403
10538
10744
10791
10827
10959
11017
11214
11332
11417
11460
11482
11539
11548
11628
11704
11737
11768
11810
11857
12025
12269
12357
12380
12410
12448
12531
12586
12652
12747
12979
13009
13053
13175
13281
13287
13367
13476
13515
13733
13853
13896
13978
14061
14121
14432
14501
14697
14702
14724
14814
14815
14902
14920
14925
14939
14963
15044
15048
15071
15371
15424
15584
15591
15598
15647
15702
15754
15856
16182
16229
16255
16260
16266
16321
16424
16463
16468
16510
16546
16621
16734
16786
17141
17173
17179
17211
17275
17347
17358
17391
17464
17494
17525
17622
17810
17845
17906
18182
18210
18211
18246
18372
18394
18464
18466
18493
18521
18556
18620
18702
18920
19025
19077
19126
19152
19174
19199
19204
19375
19457
19472
19518
19569
19734
19743
19754
19852
20004
20084
20236
20270
20279
20282
20369
20382
20384
20427
20521
20552
20580
20593
20720
20822
20823
20872
20927
20938
21077
21207
21231
21276
21298
21437
21571
21592
21599
21622
21716
21822
21843
21874
21970
22029
22207
22215
22217
22276
22302
22413
22489
22526
22623
22641
22661
22671
22719
22731
22781
22969
23091
23098
23137
23582
23618
23695
23950
23987
23988
24040
24073
24098
24328
24482
24506
24545
24585
24599
24609
24621
24680
24685
24792
24886
24891
24908
24910
24982
24983
24994
25015
25092
25162
25247
25259
25281
25293
25487
25534
25561
25642
25671
25735
25816
25843
25878
25895
CODIT
150
409
665
807
905
947
1202
1393
1499
1511
1697
1864
2046
2206
2532
2894
2909
3077
3246
3307
3435
3498
3511
3706
3808
3825
3896
4066
4158
4182
4265
4267
4369
4516
4621
4672
4701
4856
4892
4940
5215
5239
5278
5286
5293
5353
5667
5793
5813
5911
6194
6195
6365
6462
6505
6717
6765
7242
7375
7420
7565
7684
8280
8396
8935
8973
8984
9172
9285
9599
9634
9753
10027
10144
10227
10349
10442
10622
10682
11320
11634
11721
11775
11995
12656
12670
12788
13434
14005
14045
14100
14254
14317
14397
14472
14827
15125
15129
15264
15504
15551
15838
16103
16265
16371
16718
16826
17008
17253
17437
17688
17727
17787
17941
17960
18234
18365
19150
19174
19245
19351
19398
19519
19825
19899
19987
20326
20461
20570
20817
20825
20914
21148
21171
21195
21200
21303
21361
21503
21504
21515
21600
21617
21800
21860
21879
21885
21944
21974
22049
22400
22413
22507
22800
23033
23337
23357
23360
23957
24069
24187
24286
24502
24584
24651
24660
24700
24764
25233
25506
25607
25823
Tufano19
15
119
262
354
437
462
591
607
615
654
690
877
1105
1112
1155
1207
1323
1381
1382
1421
1536
1544
1639
1658
1737
1765
2051
2052
2088
2146
2302
2708
2869
2931
3180
3206
3273
3321
3390
3453
3495
3549
3602
3682
3691
3778
3788
3958
3997
4021
4028
4221
4226
4391
4392
4658
4785
4837
4864
5102
5339
5343
5473
5474
5560
5612
5960
6013
6030
6046
6133
6183
6213
6314
6328
6356
6477
6541
6570
6614
6716
6771
6819
6824
6874
6877
6972
7008
7078
7162
7294
7495
7566
7584
7873
7928
7935
8057
8065
8066
8080
8138
8192
8213
8251
8437
8475
8578
8709
8766
8840
8948
9036
9069
9121
9305
9321
9490
9564
9847
9879
9884
9947
9995
10149
10150
10196
10276
10331
10470
10493
10641
10646
10702
10792
10798
10816
10899
10960
11062
11086
11096
11103
11110
11186
11196
11216
11268
11298
11326
11501
11521
11581
11726
11834
11842
11850
12168
12171
12174
12186
12253
12366
12478
12507
12521
12729
12789
12839
13012
13055
13088
13415
13771
13794
13810
13817
13840
13842
14054
14107
14170
14192
14222
14268
14483
14514
14550
14587
14617
14622
14688
14748
14784
14791
14821
14828
14881
15045
15132
15183
15184
15211
15244
15346
15348
15356
15457
15473
15634
15756
15878
15891
15892
16032
16094
16121
16138
16146
16265
16297
16471
16516
16606
16718
16722
16868
17039
17175
17233
17257
17319
17432
17525
17528
17567
17614
17632
17634
17675
17680
17766
17874
17960
18057
18156
18246
18255
18294
18362
18392
18422
18458
18559
18668
18689
18711
18766
18777
18898
18978
19019
19118
19186
19225
19473
19493
19727
19781
19850
19969
19974
19994
19995
20022
20095
20153
20172
20229
20264
20285
20429
20573
20604
20753
20885
20991
21030
21067
21312
21332
21459
21471
21482
21726
21734
21786
21793
21904
22010
22237
22355
22452
22650
22731
22930
22988
23115
23215
23360
23428
23539
23555
23602
23661
23744
23889
23978
24006
24097
24103
24105
24349
24550
24554
24579
24716
24750
24797
24866
24917
25096
25165
25199
25201
25388
25475
25600
25798
25811
DLFix
27
42
193
207
218
242
249
471
548
609
740
811
849
943
959
974
993
1051
1057
1088
1190
1256
1279
1283
1366
1393
1410
1455
1471
1477
1532
1547
1583
1606
1682
1686
1896
1952
1960
2006
2049
2052
2055
2060
2070
2088
2100
2105
2110
2129
2142
2182
2248
2315
2324
2346
2452
2465
2520
2556
2576
2653
2709
2754
2864
2917
2996
3381
3384
3416
3509
3570
3687
3705
3716
3803
3827
4049
4103
4129
4164
4213
4245
4288
4294
4315
4417
4546
4584
4623
4626
4675
4744
4844
4891
5006
5128
5342
5398
5422
5450
5516
5617
5621
5730
6004
6009
6051
6062
6121
6258
6350
6481
6506
6569
6597
6642
6725
6795
6820
6911
6932
6980
7002
7020
7043
7069
7118
7126
7217
7324
7352
7434
7465
7490
7516
7542
7575
7629
7644
7679
7704
7708
7810
7836
7868
7932
7953
8116
8191
8387
8415
8498
8507
8587
8682
8829
8839
8917
8923
8924
9077
9097
9328
9416
9431
9440
9467
9544
9554
9576
9675
9687
9702
9732
9747
9798
9934
9996
10003
10015
10059
10060
10094
10112
10133
10300
10373
10461
10490
10574
10586
10591
10620
10630
10636
10741
10781
10842
10979
10999
11021
11095
11133
11215
11457
11502
11571
11584
11598
11794
11928
12024
12108
12180
12186
12211
12213
12252
12254
12286
12363
12398
12501
12504
12557
12665
12684
12685
12811
12852
12867
12930
13085
13090
13126
13175
13220
13237
13246
13269
13325
13473
13489
13520
13540
13621
13644
13656
13705
13710
13718
13735
13781
13915
13928
14045
14061
14081
14281
14348
14356
14562
14573
14607
14653
14737
14775
14923
15265
15323
15328
15363
15426
15439
15452
15572
15631
15729
15765
15828
15900
16074
16118
16136
16137
16140
16176
16198
16227
16239
16247
16448
16642
16705
16733
16774
16812
16820
16906
17029
17061
17137
17151
17170
17286
17305
17325
17346
17486
17495
17580
17583
17640
17652
17730
17782
17945
18022
18028
18039
18064
18085
18133
18201
18247
18267
18332
18411
18413
18441
18473
18535
18570
18605
18641
18660
18681
18740
18790
18847
18854
18877
18888
18958
19009
19072
19081
19109
19116
19289
19313
19452
19457
19516
19582
19604
19642
19680
19702
19766
19767
19810
19848
19876
19936
19977
20030
20038
20050
20065
20094
20194
20203
20218
20240
20283
20290
20297
20302
20321
20421
20476
20554
20617
20636
20646
20671
20680
20744
20792
20819
20856
20887
20982
21187
21228
21240
21244
21271
21325
21348
21421
21461
21475
21557
21566
21634
21672
21696
21759
21794
21816
21830
21843
21851
21970
22025
22052
22106
22121
22124
22125
22133
22161
22182
22234
22279
22339
22566
22568
22654
22667
22683
22759
22913
22991
23029
23066
23188
23221
23241
23292
23325
23354
23360
23391
23435
23454
23528
23573
23577
23613
23616
23679
23719
23736
23757
23828
23892
23918
23963
24013
24057
24083
24157
24179
24206
24318
24505
24602
24630
24686
24696
24745
24795
24828
24899
25109
25213
25243
25381
25456
25478
25565
25588
25622
25626
25724
25727
25771
25779
25846
25902
CoCoNuT
1
27
116
141
185
262
361
415
617
627
718
737
783
832
879
910
944
961
997
1093
1125
1201
1251
1367
1390
1410
1477
1635
1640
1735
1752
1801
1844
2095
2171
2177
2181
2254
2286
2415
2448
2522
2627
2691
2709
2829
2876
2890
2923
2942
2998
3016
3022
3024
3042
3090
3100
3199
3217
3228
3233
3280
3321
3329
3384
3434
3505
3554
3570
3589
3621
3644
3730
3733
3741
3756
3758
3832
3889
3937
4076
4089
4265
4476
4480
4489
4520
4655
4661
4770
4781
4782
4822
4854
4858
4868
4899
4983
5003
5038
5084
5095
5097
5122
5291
5341
5371
5506
5576
5774
5869
5878
5919
6005
6097
6143
6183
6237
6287
6288
6483
6500
6553
6579
6624
6695
6777
6816
6838
6899
6929
6940
6943
6995
7078
7177
7184
7198
7214
7300
7344
7375
7404
7444
7520
7541
7550
7559
7612
7626
7641
7707
7708
7728
7744
7836
7876
7890
7968
7970
7978
8069
8099
8105
8131
8195
8220
8224
8235
8256
8263
8288
8373
8435
8476
8500
8514
8554
8562
8578
8694
8709
8744
8748
8788
8810
8909
8912
8924
9004
9041
9067
9088
9164
9195
9221
9231
9240
9263
9403
9449
9507
9509
9610
9617
9687
9691
9698
9892
9935
9967
10077
10092
10112
10127
10179
10306
10427
10490
10503
10523
10548
10689
10704
10885
11050
11191
11231
11302
11350
11363
11467
11566
11570
11631
11636
11699
11728
11763
11809
11812
11876
11901
11938
11952
12045
12069
12098
12155
12171
12250
12286
12357
12416
12575
12675
12688
12698
12702
12731
12758
12764
12776
12843
12865
12992
13001
13017
13048
13051
13128
13180
13306
13344
13346
13372
13381
13421
13454
13484
13529
13703
13724
13726
13900
13959
14059
14157
14184
14198
14222
14254
14280
14335
14345
14473
14481
14644
14679
14690
14761
14785
14786
14789
14801
14826
14840
14864
14865
14873
14883
14939
14951
15002
15056
15060
15108
15155
15228
15261
15275
15297
15337
15386
15392
15410
15478
15608
15666
15710
15737
15755
15811
15836
15906
15962
16001
16023
16075
16078
16079
16088
16114
16119
16180
16183
16230
16269
16312
16386
16475
16555
16572
16621
16622
16641
16656
16658
16723
16732
16743
16772
16800
16811
16899
16908
16980
17046
17055
17344
17357
17367
17398
17449
17541
17549
17552
17590
17660
17793
17815
17860
17900
17956
18072
18132
18241
18341
18387
18451
18485
18499
18560
18566
18660
18739
18781
18818
18844
18932
19060
19092
19117
19145
19212
19248
19287
19359
19376
19475
19533
19579
19583
19591
19635
19694
19699
19749
19762
19803
19856
19861
19885
20103
20184
20224
20272
20273
20296
20313
20411
20430
20533
20598
20635
20648
20731
20759
20815
20878
20889
20994
21056
21087
21128
21164
21289
21341
21468
21472
21624
21630
21677
21757
21827
21829
21844
21868
21871
21907
21913
21985
22002
22118
22131
22290
22385
22425
22436
22511
22578
22613
22631
22646
22666
22680
22699
22971
23050
23086
23144
23176
23234
23282
23307
23379
23438
23468
23505
23527
23562
23604
23646
23658
23690
23802
23839
23913
24024
24146
24154
24199
24204
24225
24231
24241
24246
24293
24366
24393
24399
24411
24418
24655
24716
24720
24721
24821
24875
24905
24935
24961
24995
25026
25055
25095
25143
25277
25365
25382
25542
25558
25662
25697
25748
25778
25832
25847
25889
DEAR
196
277
340
380
444
538
543
684
703
727
742
787
788
838
839
850
988
1001
1020
1057
1058
1092
1094
1300
1322
1352
1394
1404
1437
1449
1491
1512
1618
1664
1672
1692
1704
1707
1749
1755
1759
1768
1898
1924
2014
2098
2148
2161
2170
2221
2250
2290
2295
2346
2416
2464
2466
2472
2526
2545
2576
2627
2676
2722
2822
2942
2952
3071
3079
3089
3122
3132
3146
3155
3169
3170
3229
3268
3318
3333
3350
3354
3465
3474
3485
3525
3639
3696
3738
3782
3785
3915
3939
3942
3974
4031
4033
4046
4070
4263
4296
4323
4349
4411
4443
4556
4673
4710
4781
4782
4812
4826
4852
4917
4939
4947
5017
5028
5065
5080
5114
5180
5196
5199
5218
5303
5307
5407
5452
5485
5501
5558
5560
5574
5582
5588
5601
5613
5684
5709
5723
5905
5922
6074
6112
6123
6136
6158
6170
6215
6230
6251
6255
6265
6685
6692
6709
6771
6785
6885
6903
6910
6983
7009
7011
7102
7127
7216
7238
7266
7374
7505
7514
7556
7563
7591
7666
7701
7713
7748
7760
7762
7779
7784
7836
7847
7859
7883
7966
7994
8015
8053
8072
8113
8315
8330
8373
8380
8593
8599
8621
8636
8646
8654
8657
8720
8785
8820
8869
8872
8902
8944
8955
8958
9126
9162
9165
9323
9324
9390
9444
9510
9597
9618
9639
9692
9727
9790
9792
9892
9936
9999
10030
10046
10148
10161
10162
10178
10234
10351
10377
10388
10404
10619
10648
10967
11010
11056
11094
11149
11183
11204
11252
11372
11382
11429
11433
11442
11472
11479
11515
11530
11554
11564
11674
11712
11728
11736
11773
11780
11800
11807
11821
11839
11857
11876
11913
11953
11973
11999
12020
12028
12056
12082
12107
12173
12186
12206
12232
12263
12350
12363
12389
12407
12409
12450
12494
12555
12591
12645
12667
12688
12717
12762
12869
12914
12966
13004
13024
13058
13127
13128
13197
13258
13282
13285
13289
13415
13467
13474
13547
13572
13593
13608
13652
13704
13715
13796
13809
13873
13905
14134
14153
14156
14176
14189
14208
14211
14326
14355
14417
14418
14420
14549
14583
14601
14701
14733
14738
14760
14766
15133
15140
15257
15294
15364
15367
15382
15427
15461
15475
15547
15549
15621
15650
15749
15780
15784
15822
15834
15845
15904
15924
15950
15974
15989
16014
16032
16074
16124
16158
16165
16249
16253
16275
16314
16325
16353
16366
16384
16398
16461
16495
16507
16511
16518
16678
16680
16683
16832
16940
16941
16998
17008
17100
17148
17152
17157
17165
17181
17187
17207
17241
17243
17295
17358
17381
17385
17483
17518
17550
17556
17573
17576
17598
17744
17770
17779
17804
17840
17940
17986
18028
18073
18093
18115
18127
18225
18309
18323
18346
18368
18386
18418
18436
18473
18541
18557
18591
18619
18642
18713
18741
18770
18790
18843
18900
18915
18935
19021
19024
19082
19179
19245
19254
19276
19285
19346
19370
19389
19404
19430
19464
19472
19535
19569
19632
19740
19757
19758
19792
19805
19816
19864
19878
19931
19988
20136
20183
20216
20242
20251
20281
20288
20298
20306
20507
20560
20604
20608
20615
20665
20724
20788
20797
20802
20857
20918
20989
21130
21172
21177
21178
21219
21229
21237
21249
21260
21313
21408
21498
21519
21591
21593
21617
21664
21675
21681
21691
21704
21768
21792
21798
21910
21968
22082
22087
22122
22156
22213
22238
22239
22263
22273
22325
22345
22386
22415
22467
22485
22769
22827
22836
22854
22881
22920
22942
23009
23032
23141
23251
23266
23270
23441
23450
23476
23493
23548
23642
23661
23671
23704
23741
23785
23812
23817
23863
23995
24029
24162
24209
24218
24253
24309
24445
24513
24544
24550
24656
24659
24692
24693
24723
24731
24741
24838
24845
24859
24894
25024
25063
25068
25125
25129
25185
25256
25331
25421
25427
25561
25620
25624
25659
25681
25689
25703
25715
25784
25809
25821
25831
25883
25912
