===CPatMiner===
sequencer
534
664
686
744
756
820
888
889
903
1152
1575
1767
1946
2319
2748
2771
2976
2985
3442
3854
4155
4649
4766
4917
5455
5639
5800
6214
6241
6328
6860
6962
7071
7451
7547
7630
7807
8226
8547
8821
8861
9077
9120
9236
9306
9409
9578
9603
9895
10055
10107
10548
10773
10880
11327
11702
11799
11933
12237
12326
12436
12833
12837
13148
13167
13242
13832
13837
13853
14037
14163
14789
14826
15167
15253
15274
15346
15454
15484
15673
15907
15950
16042
16212
16292
16522
17319
17516
18125
18213
18269
18488
18716
18750
18833
18919
18924
19089
19752
20337
20366
20603
20618
20644
20919
20936
21027
21052
21166
21420
21604
21658
21662
21668
21688
21992
22058
22112
22132
22373
22821
23015
23172
23216
23406
23598
24101
24387
24727
25498
25629
25764
26174
26184
26450
26513
26668
26912
27021
27143
27370
27833
27887
28014
28042
28059
28079
28318
28491
28554
28699
28730
28811
29010
29118
29671
29818
29833
30145
30645
30647
30827
30933
31209
31219
31415
31558
31780
31834
32216
33295
33678
33906
34100
34221
34290
34891
34960
35015
35159
35296
35326
35582
35650
35865
36310
36532
36708
36967
36984
37049
37244
37256
37300
37382
37470
37605
37865
37924
37979
38033
38107
38354
38442
38582
38725
38887
38891
39123
39187
39236
39366
39395
39709
39824
40083
40147
40159
40414
40614
40804
41188
41723
41747
41991
42628
42714
43045
43119
43167
43169
43456
43673
43735
43749
43973
44081
44110
CODIT
908
1437
2763
2791
3749
4153
4847
4934
4989
5329
5632
5881
6203
6391
6697
7020
7091
7104
7860
8373
8391
9252
9290
9595
10713
10747
11164
11967
11976
12094
12196
12242
12350
12863
12972
13768
14654
14709
15519
16192
16676
16792
17128
17976
18231
18763
19212
19739
19800
19977
20130
20184
20779
20978
21069
21095
21516
21660
21812
21966
22088
22406
23215
23238
24487
24923
25778
26206
26717
26866
27310
27463
27921
29067
29335
30076
31308
32721
32842
33116
33284
34376
34561
34924
35023
36137
36200
36294
36296
36521
37095
37823
37887
37905
38470
38682
39374
39526
39648
39727
39989
40109
40353
40358
41955
42292
42332
42471
43322
43781
Tufano19
308
839
961
1371
1725
1894
2339
2411
2717
3040
3236
3425
3458
3766
4052
4158
4311
4336
4542
4558
4600
4946
5223
5497
5683
5740
5765
6635
7494
7997
8011
8166
8283
8745
9130
9313
9351
9668
9696
10370
10429
10987
11096
11145
11161
11272
11430
11481
11622
12064
12072
12934
13415
13861
14077
14108
14173
14192
14411
14666
14781
14820
15307
15483
16059
16941
17100
17593
17791
17871
17956
18196
18396
18579
18729
18743
18814
18901
19140
19166
19226
20055
20170
20188
20346
20615
20764
20841
20897
21371
21440
21491
21773
22753
23007
23038
23257
23421
23470
23591
23843
23996
24320
24611
24706
24769
24974
25162
25487
25531
25644
25797
25870
26270
26416
26596
27012
27052
27332
27844
27859
28078
29431
29709
30116
30504
30536
30691
30890
30933
30937
30999
31366
31413
31829
31874
32399
32420
32422
32556
32638
32758
32801
33290
33413
33500
33538
33783
33869
34291
34302
34315
34328
34928
35270
35278
35365
35554
35835
36011
36371
36520
36737
36980
37265
37275
37410
37631
37906
37976
38455
38832
38932
39424
39989
40067
40074
40428
40910
41200
41288
41473
41611
41758
41827
41830
41991
42167
42309
42714
42803
43016
43123
43321
43721
43727
43793
43961
44025
DLFix
174
281
424
450
646
688
928
967
1263
1466
1546
1921
2043
2661
2689
3026
3263
3565
4081
4172
4287
4444
4744
4788
4846
4903
4923
5066
5310
5524
5532
5582
5588
5696
5747
5912
5982
6739
6939
7192
7393
7539
7562
8045
8078
8393
8471
8509
8671
8948
9005
9068
9127
9253
9383
9686
9978
10047
10159
10221
10458
10609
10791
10817
11271
11577
11643
11745
12282
12525
12531
13103
13174
13341
13443
13690
14041
14486
14636
14746
15136
15199
15238
15305
15375
15406
15446
15621
15667
15695
15905
16041
16091
16143
16317
16335
16387
16449
16460
16794
16900
17046
17446
17460
17474
17503
17563
18158
18311
18366
18553
18651
18712
18898
19066
19118
19123
19285
19444
20173
20369
20406
20776
20908
20990
21003
21059
21237
21297
21317
21549
21765
21819
21928
21952
22029
22751
22925
22926
22977
23053
23113
23456
23515
23708
23774
23795
23796
23974
23984
24224
24238
24338
24450
24633
24937
25043
25200
25312
25393
25470
25989
26022
26078
26088
26213
26293
26397
26423
26517
26695
26765
26868
26960
27009
28480
28596
28709
28720
28747
28862
28868
29271
29437
29460
30021
30099
30118
30319
30347
30397
30604
30943
30967
30984
31537
31615
31703
31729
31730
31807
31909
32028
32200
32243
32635
32841
32861
32955
32960
33322
33571
33890
34104
34145
34287
34340
34553
35013
35338
35348
35413
35732
36067
36160
36206
36306
36367
36469
36596
36745
36785
37273
37489
37496
37709
37714
37719
37721
38121
38288
38371
38381
38386
38490
38517
38593
38725
38727
38797
39147
39519
39646
39694
40136
40183
40460
41118
41216
41335
41423
41467
41478
41590
41829
42028
42100
42188
42288
42388
43062
43290
43412
43552
43553
43567
43804
44134
CoCoNuT
108
614
1241
1271
1278
1301
1636
2330
2343
2419
2426
2538
2569
2765
3119
3282
3481
3602
3625
3724
3906
4080
4352
4514
4550
4925
5090
5140
5225
5398
5944
5979
6067
6207
6240
6249
6291
6418
6590
6615
6979
7130
7242
7263
7291
7387
7514
7802
7819
8063
8094
8151
8227
8430
8656
8699
9007
9200
9318
9324
9558
9648
9972
10153
10297
10506
10513
10709
10948
11080
11220
11301
11343
11460
11491
11636
11688
11793
11835
11836
11864
11947
12092
12099
12110
12175
12265
12293
12465
12483
12757
12920
13107
13225
13598
13607
14300
14450
14616
14779
15308
15341
15590
15661
15788
15794
15828
15851
15884
15990
16417
16857
17179
17201
17433
17738
17840
17998
18116
18291
18292
18365
18622
18827
18945
19271
19315
19712
19725
19769
19792
19845
19862
19877
19944
20009
20085
20207
20499
20669
20794
20934
21073
21090
21269
21995
22055
22084
22300
22308
22767
22809
22830
22898
23137
23421
23551
23703
24261
24359
24543
24607
24648
24680
24824
24973
25101
25153
25319
25668
25863
25892
25894
26065
26076
26083
26134
26473
26558
26648
26708
26883
27011
27220
27945
28045
28369
28463
28968
29180
29211
29666
29882
29958
29978
30042
30272
30297
30930
31019
31132
31248
31260
31412
31604
31614
31750
31955
32286
32307
32337
32545
32636
32719
32729
32844
33016
33253
33353
33611
33695
33803
33968
34030
34109
34145
34546
34589
35241
35253
35723
35746
35977
35986
35995
36089
36205
36341
36412
36450
36475
36569
36824
37095
37134
37267
37643
37660
37865
37998
38300
38471
38543
38593
38701
38785
39040
39137
39240
39256
39556
39721
39780
39850
39923
40008
40201
40211
40373
40663
40766
40770
41112
41358
41735
41802
41957
41971
41977
42038
42107
42175
42407
42559
42966
42991
43176
43227
43445
43535
43722
43801
43819
43821
44028
44117
DEAR
330
349
387
672
687
767
889
1021
1234
1272
1289
1383
1400
1424
1437
1448
1683
1709
1913
1968
2199
2245
2313
2350
2388
2573
2882
3235
3578
3611
3757
3854
3874
3952
3966
4371
4449
4457
4696
5435
5534
6013
6059
6323
6341
6383
6469
6478
6574
6609
6610
6870
7034
7054
7076
7248
7538
7580
7704
7806
7832
8108
8462
8528
8550
8578
8655
8914
8979
9083
9188
9258
9295
9386
9399
9549
9770
9999
10083
10085
10151
10322
11271
11305
11342
11381
11722
12009
12441
12769
12993
13053
13096
13098
13342
13517
13797
13828
14120
14122
14323
14336
14545
14583
14783
14899
15237
15384
15460
15470
15529
15856
15912
16019
16081
16162
16193
16231
16252
16340
16522
16574
16850
17188
17344
17395
17474
17652
17797
18126
18298
18566
18599
18793
19096
19266
19476
19498
19639
19656
19911
20006
20109
20312
20623
20804
20850
20862
21134
21233
21395
21675
22056
22343
22575
22583
22760
22800
22947
22970
23049
23051
23088
23148
23158
23230
23289
23430
23471
23509
23711
23716
23885
23981
24120
24587
24710
25017
25162
25181
25192
25255
25324
25548
25748
26109
26232
26341
26444
26495
26555
26615
26652
27200
27345
27790
27823
27837
27915
28193
28199
28347
28785
28910
29296
29439
29546
29700
29941
29983
30180
30234
30754
30919
31196
31281
31455
31602
31634
31763
31854
31915
31942
31955
32006
32043
32090
32127
32452
32573
32655
32697
32702
32724
32848
32858
32931
33079
33138
33207
33241
33285
33336
33459
33470
33739
33863
33953
34254
34333
34346
34504
34664
34705
34764
34777
34908
35080
35145
35381
35432
35520
35529
35586
35637
35833
35847
35865
36148
36459
36581
36756
36809
36827
36886
36920
36928
37042
37128
37438
37570
37599
37763
37807
38014
38092
38859
39222
39368
39505
39880
39964
39973
39995
40033
40035
40385
40389
40437
40541
40689
40781
40833
40872
40940
40988
41002
41051
41123
41166
41367
41564
41620
41650
41933
41953
42029
42168
42185
42314
42708
42752
42806
43072
43133
43326
43566
43743
43747
43803
44125
===BigFix===
sequencer
12
88
130
533
548
611
648
675
823
826
1158
1315
1336
1527
1557
1563
1659
1675
1735
1814
1913
1961
2143
2231
2235
2338
2441
2472
2618
2649
2680
2866
2958
3151
3375
3725
3812
3822
3940
4123
4226
4243
4294
4341
4392
4495
4601
4661
4714
4989
5004
5069
5096
5098
5111
5306
5484
5839
5926
5940
6131
6375
6380
6472
6561
6745
7092
7280
7331
7346
7397
7493
7634
7641
7776
7783
7983
8038
8163
8169
8240
8297
8310
8406
8430
8467
8528
8566
8643
8689
8807
8898
8924
9104
9106
9177
9192
9492
9687
9719
9964
9972
9973
10091
10105
10131
10367
10386
10431
10445
10690
10707
10711
10801
11181
11232
11243
11305
11669
11791
11885
11932
12167
12168
12189
12266
12270
12317
12488
12537
12668
12710
12718
12758
12993
13007
13013
13155
13218
13226
13414
13424
13455
13606
13826
13905
13950
14181
14230
14566
14885
14917
14987
15026
15251
15315
15381
15646
15802
15912
15943
16040
16078
16184
16416
16517
16891
16928
16962
17064
17068
17172
17259
17415
17435
17691
18101
18102
18142
18262
18680
18689
18799
18818
18975
19204
19356
19747
19800
19881
19980
20161
20206
20321
20356
20760
20782
20860
21053
21241
21459
21659
21864
21867
21922
22028
22219
22327
22551
22556
22796
22891
22982
23107
23183
23571
23632
23637
23696
23781
23996
24098
24487
24504
24792
24837
24921
24945
25394
25436
25555
25658
25744
25754
CODIT
185
474
489
585
886
1046
1458
1734
1812
2372
2538
2834
3006
3158
3309
3629
3808
4262
4391
4851
4875
4992
5038
5076
5344
5501
5863
6320
6487
6827
6945
6983
7297
7713
7796
7932
8249
8258
8274
8570
8643
8699
9008
9260
9528
9570
9614
9722
10008
10209
10324
10339
10571
10577
10674
10829
10837
10921
11095
11138
11177
11232
11288
11393
11604
12122
12126
12306
12418
12499
13023
13245
13303
13445
13496
13688
13903
13905
14152
14361
14519
14681
14916
15206
15372
15598
15661
16359
16538
16751
16917
16971
17006
17211
17335
17467
17611
17909
18007
18381
18525
18551
18751
19013
19238
19544
19638
19785
19793
19948
20121
20198
20207
20406
20516
20823
20982
21065
21520
21924
22457
22485
22692
22877
23063
23739
23745
24092
24183
24256
24301
24389
24437
24464
24645
24652
24712
24948
25006
25649
25772
Tufano19
2
150
278
313
325
401
583
640
661
738
922
1059
1100
1129
1214
1379
1415
1456
1510
1541
1555
1672
1677
1844
1917
1941
1968
2181
2233
2237
2343
2534
2617
2626
2633
2812
2979
3006
3070
3271
3357
3731
3816
3933
4171
4195
4313
4412
4413
4414
4449
4520
4535
4589
4769
4801
4912
4941
5362
5487
5494
5573
5771
6026
6041
6397
6599
6601
6602
6630
6632
6655
6738
6959
7083
7271
7479
7496
7519
7588
7681
7778
7886
7928
8116
8182
8382
8510
8663
8725
8727
8809
8909
9050
9132
9184
9238
9245
9426
9521
9577
9634
9669
9761
9764
9782
9786
9975
10152
10318
10428
10507
10639
10667
11028
11114
11333
11444
11588
11647
11762
11764
12203
12256
12390
12554
12590
12630
12674
12734
12849
12864
12921
12923
12942
12948
13056
13237
13279
13341
13356
13712
13764
13782
13878
14023
14079
14230
14276
14352
14372
14399
14474
14502
14596
14726
14784
14977
15205
15498
15523
15604
15637
15763
15809
15909
15996
16054
16169
16255
16328
16362
16387
16392
16403
16539
16689
16793
16816
16953
17038
17088
17140
17188
17396
17455
17652
17657
18026
18151
18335
18420
18528
18625
18852
18888
19014
19127
19197
19336
19508
19715
19819
19943
19998
20186
20263
20537
20574
20808
20856
20936
21322
21564
21565
21591
21626
21644
21694
21751
21893
22013
22153
22161
22189
22198
22241
22285
22525
22563
22866
23043
23122
23204
23452
23488
23665
23816
23824
24096
24117
24192
24283
24444
24618
24704
24961
25011
25156
25208
25324
25359
25408
25426
25512
25564
25629
25732
25815
25855
DLFix
6
62
139
187
188
206
207
228
329
576
687
808
842
849
880
892
897
953
1060
1114
1195
1209
1228
1240
1320
1332
1358
1470
1599
1690
1729
1776
1893
2021
2297
2360
2483
2585
2672
2691
2743
2766
2881
2900
2941
3006
3037
3051
3231
3321
3363
3374
3439
3525
3576
3627
3684
3799
3873
3955
3998
4056
4216
4228
4256
4666
4882
4908
4927
4959
4973
5016
5031
5215
5231
5401
5458
5678
5760
5788
5811
5934
5976
5988
6030
6096
6285
6370
6417
6433
6502
6508
6574
6660
6681
6687
6753
6869
6879
6910
6926
6936
6973
7043
7236
7279
7454
7462
7478
7564
7585
7658
7711
7898
8143
8402
8445
8477
8724
8827
8858
8891
8906
8936
8982
9063
9068
9093
9144
9189
9205
9309
9390
9485
9596
9620
9699
9871
9963
10060
10082
10252
10487
10494
10502
10517
10578
10604
10713
10744
10817
10855
10935
10991
11085
11090
11143
11187
11214
11232
11241
11306
11396
11443
11448
11536
11550
11555
11666
11838
11845
11942
12062
12134
12171
12188
12343
12469
12503
12697
12823
12828
12833
13010
13131
13275
13337
13511
13574
13652
13867
13900
14001
14103
14318
14403
14424
14465
14543
14546
14590
14667
14701
14867
14990
15030
15106
15107
15174
15226
15293
15297
15335
15454
15474
15483
15560
15721
15744
15957
16033
16049
16163
16350
16376
16378
16442
16454
16583
16592
16634
16714
16740
16770
16780
17027
17057
17063
17065
17080
17166
17209
17246
17417
17428
17596
17663
18120
18166
18245
18315
18339
18383
18386
18405
18435
18541
18550
18640
18671
18766
18775
18887
18916
19138
19223
19292
19461
19476
19532
19538
19577
19610
19648
19696
19708
19758
19814
19884
19934
19967
20015
20023
20078
20128
20191
20275
20280
20305
20560
20696
20719
20729
20774
20818
20939
21010
21105
21115
21138
21193
21353
21363
21406
21599
21629
21729
21762
21831
21951
22074
22195
22294
22298
22349
22359
22375
22438
22466
22540
22546
22622
22640
22687
22745
22791
22841
22842
22876
22896
22976
23106
23326
23530
23584
23656
23773
23971
24018
24157
24207
24307
24434
24450
24461
24508
24647
24863
24981
25001
25095
25105
25121
25135
25174
25196
25210
25220
25619
25788
25858
25917
CoCoNuT
70
159
238
254
302
336
402
553
577
769
881
896
989
1044
1098
1211
1223
1232
1365
1443
1483
1501
1600
1813
1837
1886
1925
2014
2253
2387
2421
2444
2478
2502
2515
2557
2640
2683
2703
2721
2855
2920
3008
3060
3237
3265
3271
3279
3370
3421
3542
3707
3709
3723
3729
3820
3837
3869
3896
3910
4019
4056
4211
4423
4575
4662
4723
4730
4778
4880
5164
5183
5585
5723
5822
5850
5944
6066
6097
6100
6162
6257
6342
6363
6365
6402
6430
6436
6542
6628
6634
6727
6862
6879
6958
6980
7224
7316
7355
7475
7523
7543
7652
7655
7818
7898
7957
7979
8020
8026
8135
8201
8283
8387
8395
8452
8454
8505
8574
8626
8644
8656
8709
8716
8747
8812
8982
9007
9146
9175
9181
9214
9460
9504
9549
9640
9691
9714
9731
9902
9958
10029
10088
10089
10225
10237
10246
10278
10312
10501
10567
10579
10709
10748
10983
11032
11063
11183
11219
11280
11304
11397
11488
11621
11766
11787
11840
11891
11954
11969
12050
12123
12184
12400
12496
12615
12694
12695
12746
12759
12847
12933
12982
12996
13007
13020
13112
13175
13195
13275
13291
13380
13409
13489
13563
13786
13863
13908
13932
13937
14097
14163
14182
14357
14368
14505
14613
14623
14655
14657
14796
14801
14822
14871
14993
15090
15124
15127
15136
15157
15472
15585
15637
15736
15826
15897
15911
15953
15961
16004
16028
16116
16180
16186
16188
16566
16629
16700
16702
16762
16819
16844
16907
16916
17049
17145
17147
17294
17305
17372
17425
17450
17483
17503
17505
17521
17605
17608
17654
17668
17673
17692
17701
17741
17800
17813
17827
17835
17975
18019
18037
18081
18120
18133
18270
18316
18379
18665
18702
18705
18809
18921
19044
19079
19154
19187
19212
19273
19274
19429
19603
19670
19895
20039
20085
20159
20167
20183
20383
20387
20391
20480
20489
20603
20621
20661
20681
20809
20828
20928
21050
21170
21252
21468
21488
21580
21977
22050
22073
22122
22191
22319
22403
22612
22643
22689
22832
22908
23132
23223
23322
23506
23617
23625
23841
23935
24094
24120
24160
24182
24192
24205
24280
24298
24412
24500
24549
24565
24605
24689
24694
24727
24882
24949
25083
25084
25128
25174
25379
25406
25418
25526
25549
25579
25830
25866
DEAR
71
221
267
282
322
341
405
429
453
538
553
825
857
951
1004
1033
1096
1129
1147
1156
1160
1180
1325
1331
1386
1413
1417
1558
1634
1675
1677
1700
1760
1813
1860
1983
2022
2266
2375
2403
2453
2682
2773
2777
2827
2895
2916
3001
3219
3274
3285
3380
3381
3394
3448
3465
3637
3695
3722
3723
3747
3831
3856
3902
3952
3987
4059
4095
4142
4162
4197
4225
4291
4338
4409
4591
4691
4692
4695
4702
4789
4815
5051
5078
5156
5160
5213
5279
5308
5408
5503
5538
5554
5591
5629
5636
5646
5656
5764
5814
5891
5928
5937
5950
5955
6023
6054
6185
6212
6230
6356
6598
6599
6602
6665
6745
6764
6766
6838
6864
7005
7008
7010
7046
7056
7097
7106
7141
7172
7215
7221
7248
7401
7415
7492
7508
7571
7644
7655
7751
7834
7843
7883
8068
8153
8252
8256
8289
8335
8396
8440
8512
8676
8766
8814
8889
8963
8979
9053
9145
9255
9361
9379
9395
9560
9568
9862
9960
10011
10047
10048
10094
10117
10120
10140
10306
10524
10531
10555
10815
10816
10818
10912
10961
10969
11057
11319
11442
11486
11514
11533
11574
11585
11644
11706
11711
11785
11786
11819
11864
11866
11892
11894
11920
11959
11993
11997
12013
12062
12089
12124
12154
12155
12185
12379
12489
12509
12567
12623
12671
12799
12820
12998
13048
13063
13081
13117
13143
13185
13224
13299
13324
13348
13468
13531
13646
13669
13739
13818
13820
13877
13928
13973
13979
14044
14167
14379
14385
14664
14670
14690
14740
14833
15008
15103
15170
15194
15256
15415
15433
15436
15488
15521
15524
15553
15571
15624
15764
15772
15805
15864
15871
15951
15968
15992
16032
16052
16074
16093
16094
16111
16121
16153
16328
16394
16436
16535
16598
16631
16714
16737
16780
16848
17102
17311
17352
17393
17403
17521
17540
17574
17581
17724
17816
17847
17892
17948
18030
18049
18228
18287
18295
18321
18471
18484
18546
18578
18638
18647
18693
18717
18766
18861
19051
19098
19173
19373
19409
19420
19428
19453
19504
19579
19697
19872
19950
19978
19996
20032
20073
20092
20123
20237
20309
20339
20377
20502
20545
20616
20618
20623
20859
20904
21020
21212
21303
21362
21423
21452
21526
21725
21773
21789
21969
22001
22130
22192
22207
22235
22328
22331
22496
22502
22510
22589
22601
22774
22808
22923
22938
22956
23043
23047
23140
23229
23299
23304
23343
23365
23465
23592
23650
23711
23718
23747
23762
23908
23992
24149
24187
24207
24332
24426
24691
24699
24825
24902
24915
24935
24981
25092
25118
25141
25168
25257
25293
25353
25384
25588
25635
25648
25730
25906
25927
