CoCoNuT
39
60
135
165
198
343
393
460
520
521
525
545
657
710
967
1052
1058
1111
1186
1187
1193
1228
1265
1425
1520
1578
1612
1638
1644
1737
1749
1765
1832
1956
2034
2128
2291
2310
2320
2322
2349
2511
2568
2680
2683
2770
2854
2871
2883
2952
2976
3204
3244
3258
3269
3309
3465
3518
3558
3618
3688
3690
3833
3878
3890
3950
4050
4075
4116
4165
4449
4609
4735
4745
4777
4950
5112
5148
5432
5569
5603
5672
5691
5921
6002
6060
6062
6063
6083
6179
6370
6416
6434
6483
6591
6621
6632
6943
6994
7071
7104
7111
7138
7427
7480
7548
7615
7634
7666
7675
7782
7793
7839
7845
7870
8002
8054
8076
8178
8197
8269
8372
8443
8563
8573
8655
8693
8921
9139
9339
9391
9398
9412
9422
9426
9431
9448
9531
9559
9562
9802
9825
9863
10228
10283
10342
10379
10402
10532
10594
10635
10650
10651
10786
10827
10925
10932
11127
11131
11405
11703
11847
11880
11913
11932
11976
12012
12049
12088
12138
12292
12393
12402
12486
12499
12515
12631
12920
12966
12978
13160
13297
13366
13379
13389
13681
13752
13787
13865
13941
14000
14022
14060
14231
14242
14254
14369
14383
14387
14404
14411
14596
14618
14634
14678
14679
14687
14705
14730
14767
14785
14899
14941
15155
15333
15343
15457
15689
15694
15739
15787
15857
15936
16086
16091
16139
16183
16193
16306
16361
16403
16440
16441
16493
16531
16741
16790
17032
17098
17445
17657
17692
17759
17760
17802
17827
17900
18051
18092
18179
18197
18578
18590
18790
18798
18813
18964
19111
19185
19412
19435
19456
19573
19617
19664
19724
19768
19890
20095
20206
20220
20324
20380
20395
20459
20495
20616
20673
20914
20967
20968
20983
20985
20996
21057
21063
21094
21147
21255
21326
21399
21531
21799
22019
22070
22083
22106
22148
22184
22196
22293
22321
22353
22427
22438
22440
22623
22761
22822
22827
22966
23062
23131
23218
23234
23239
23249
23317
23491
23546
23583
23623
23642
23741
23743
23811
23874
23927
23964
23989
24141
24159
24222
24283
24390
24442
24661
24662
24844
25098
25326
25332
25560
25597
25609
25617
25703
25749
25860
25865
25886
25904
26002
26039
26386
26461
26547
26681
26770
26802
26843
26946
27005
27103
27145
27160
27211
27216
27220
27258
27338
27486
27715
27929
27942
27949
27977
27983
28055
28212
28221
28236
28267
28395
28478
28485
28596
28617
28703
28734
28740
28820
28829
28872
28879
28993
29143
29152
29157
29220
29337
29339
29367
29437
29568
29617
29669
29693
29738
29748
29875
29909
29991
30181
30338
30594
30691
30765
30795
30824
30863
30919
31033
31094
31134
31175
31317
31362
31369
31447
31518
31535
31548
31677
31722
31742
31782
31975
31978
31998
32056
32132
32183
32379
32409
32546
32602
32623
32710
32867
33000
33097
33174
33209
33212
33222
33282
33284
33386
33482
33500
33546
33663
33737
33823
33894
33955
33977
34167
34291
34359
34376
34389
34667
34699
34730
34865
34868
34886
34989
35075
35138
35156
35343
35514
35533
35540
35600
35622
35627
35763
35831
35916
35960
36040
36077
36186
36215
36234
36289
36357
36419
36423
36495
36581
36616
36695
36718
36720
36891
36915
36943
37019
37071
37093
37341
37360
37440
37475
37487
37685
37742
37821
38000
38009
38064
38370
38420
38429
38532
38572
38783
39021
39070
39096
39119
39146
39161
39354
39488
39659
39780
39865
40013
40019
40195
40302
40323
40338
40388
40426
40544
40677
40691
40722
40733
40853
40877
40892
40982
41029
41122
41139
41298
41537
41765
41832
42027
42219
42449
42623
42628
42715
42732
42754
42861
42872
43002
43009
43030
43113
43125
43126
43216
43240
43252
43289
43305
43548
43657
43714
43728
43732
43761
43861
44138
DLFix
225
227
246
286
445
503
540
622
911
971
1053
1126
1145
1243
1245
1246
1258
1478
1626
1632
1713
1737
1881
1918
1925
2068
2240
2442
2456
2548
2651
2725
2783
2842
2929
3311
3419
3499
3503
3505
3582
4116
4121
4322
4344
4458
4488
4559
4599
4662
4834
4881
4894
4951
5054
5097
5213
5222
5306
5397
5519
5589
5637
5686
5862
6055
6281
6362
6421
6454
6460
6463
6593
6784
7007
7035
7210
7274
7328
7388
7419
7421
7518
7536
7621
7639
7686
7736
7781
7801
7842
7948
8014
8015
8052
8316
8334
8343
8371
8469
8508
8538
8654
8845
8893
9007
9120
9243
9275
9367
9394
9787
9991
10046
10047
10357
10376
10404
10495
10725
11259
11434
11456
11616
11704
11752
11927
12042
12099
12180
12291
12674
12700
12743
12892
13001
13006
13066
13114
13177
13307
13406
13442
13557
13613
13775
13779
13877
13995
14055
14098
14157
14182
14204
14213
14228
14554
14668
14901
15013
15200
15304
15306
15390
15476
15497
15523
15618
15663
15665
15670
15802
15838
15968
15978
15988
16061
16096
16110
16397
16428
16619
16883
16897
17121
17187
17235
17282
17525
17529
17575
17605
17607
17625
17630
17644
17653
17722
17808
17902
18155
18401
18742
18789
18899
19028
19058
19102
19118
19135
19180
19261
19300
19384
19501
19664
19973
20004
20006
20010
20011
20054
20128
20418
20466
20608
20812
20838
20984
20988
21001
21143
21272
21334
21424
21492
21586
21671
21743
21901
21979
22052
22241
22373
22382
22561
22776
22814
22982
23082
23277
23483
23549
23708
23766
23817
23991
24120
24149
24152
24282
24292
24316
24362
24528
24576
24650
24669
24721
24729
24741
25086
25250
25316
25345
25518
25612
25641
25673
25676
25795
25840
26021
26028
26075
26256
26291
26341
26517
26759
26843
26940
27071
27208
27287
27307
27351
27434
27452
27510
27567
27647
27681
27699
27753
27920
27935
27971
28098
28208
28230
28331
28358
28381
28467
28575
28598
28719
28730
28742
28762
28831
28898
28902
28940
28979
29075
29141
29158
29772
29940
29946
30251
30338
30408
30411
30439
30478
30574
30640
30722
30756
30800
30812
30819
30898
30981
30992
31109
31165
31234
31436
31558
31643
31728
31816
31848
31856
31881
31960
32002
32029
32264
32321
32363
32421
32442
32525
32546
32558
32702
32715
32716
32738
32800
32808
32880
32905
33004
33095
33141
33180
33200
33254
33270
33294
33332
33397
33549
33614
33772
33931
33948
33997
34011
34077
34217
34362
34384
34428
34561
34563
34727
34734
34765
34917
35456
35465
35734
35996
36655
36788
36890
37145
37156
37218
37356
37472
37485
37523
37547
37572
37637
37676
37708
37780
37788
37808
37821
37858
37960
37979
38054
38190
38191
38383
38660
38670
38782
38784
38795
38901
39017
39055
39370
39402
39527
39676
39705
39729
39754
40058
40262
40308
40334
40473
40488
40519
40819
40821
40840
40876
40995
41011
41026
41088
41093
41207
41323
41354
41388
41587
41656
41838
41863
41972
42029
42090
42241
42244
42295
42303
42310
42472
42606
42955
42995
43015
43193
43253
43293
43324
43380
43423
43534
43550
43579
43622
43674
43955
44021
44050
44072
DEAR
21
98
124
241
278
282
303
350
420
509
517
591
807
897
1161
1191
1263
1574
1597
1616
1644
1645
1683
1736
1796
1800
1816
1823
1985
1997
2017
2067
2073
2161
2247
2268
2333
2372
2399
2404
2431
2458
2630
2735
2822
2948
2970
3147
3344
3408
3707
3715
3840
3894
3976
3998
4108
4122
4269
4334
4369
4489
4579
4604
4637
4756
4799
4959
5013
5097
5193
5194
5273
5319
5334
5433
5473
5627
5672
5725
5734
5811
6059
6135
6191
6225
6274
6409
6481
6650
6751
6968
7018
7141
7161
7213
7296
7307
7437
7456
7470
7513
7678
7684
7758
7873
7938
7984
8016
8130
8134
8157
8392
8445
8519
8561
8626
8726
8734
8810
8991
8992
9136
9137
9205
9207
9253
9412
9421
9467
9554
9560
9612
9794
9992
10003
10024
10195
10217
10324
10352
10493
10524
10567
10575
10645
10686
10794
10838
11023
11082
11113
11125
11225
11284
11309
11425
11462
11552
11713
11750
11766
11932
11950
12001
12019
12021
12045
12122
12289
12366
12368
12380
12403
12638
12739
12762
12770
12817
12824
12854
12884
12994
13001
13175
13185
13189
13397
13509
13527
13592
13624
13662
13678
13728
13736
13863
13878
13936
13989
14000
14017
14028
14119
14323
14348
14403
14434
14443
14454
14625
14664
14681
14746
14901
14967
14968
14981
15021
15068
15124
15227
15402
15429
15455
15502
15525
15550
15644
15705
15716
15863
15956
15985
16038
16062
16078
16085
16162
16308
16454
16460
16484
16522
16612
16623
16768
16961
17121
17154
17212
17229
17239
17269
17318
17390
17614
17742
17811
17831
17993
18046
18137
18367
18506
18547
18553
18572
18661
18705
18743
18801
18825
18894
18924
19291
19518
19658
19793
19807
19855
19901
19946
20010
20015
20260
20293
20401
20596
20670
20674
20737
20767
20769
20772
20807
20873
21043
21130
21192
21446
21503
21577
21654
21713
21784
21962
21992
22103
22148
22159
22208
22280
22335
22352
22532
22577
22692
22823
22835
22986
23029
23331
23454
23490
23514
23547
23554
23557
23567
23609
23687
23696
23747
23836
23863
23885
23921
23968
23970
23992
24088
24181
24205
24251
24289
24340
24437
24474
24570
24642
24761
24856
24906
24967
24991
25014
25171
25198
25262
25286
25314
25335
25358
25374
25473
25493
25512
25532
25545
25626
25703
25725
25934
26010
26018
26128
26143
26193
26229
26255
26276
26308
26363
26426
26442
26481
26646
26684
26819
26961
27088
27196
27303
27323
27387
27413
27454
27588
27599
27722
27794
27828
27853
27859
27862
27966
28142
28179
28225
28339
28464
28497
28566
28597
28704
28720
28791
28916
28931
28974
29018
29019
29030
29149
29185
29201
29245
29292
29367
29433
29444
29448
29479
29495
29611
29623
29691
29855
30163
30205
30223
30264
30265
30298
30311
30333
30347
30376
30405
30646
30702
30740
30771
30791
30881
31131
31178
31183
31184
31269
31295
31309
31392
31398
31484
31624
31640
31680
31726
31835
31931
32164
32168
32412
32481
32592
32673
32694
32700
32757
32765
32770
32798
32825
32893
32928
32955
32966
32968
33035
33041
33082
33159
33201
33217
33252
33254
33295
33302
33315
33492
33512
33571
33604
33605
33625
33770
33829
33958
34141
34302
34337
34338
34373
34479
34528
34679
34681
34784
34790
34798
34809
34945
34954
34957
35030
35058
35070
35124
35229
35259
35472
35683
35789
35918
36025
36168
36173
36176
36261
36290
36295
36549
36566
36580
36594
36661
36703
36840
36889
36955
36957
37005
37029
37143
37173
37208
37328
37383
37489
37595
37599
37741
37765
37770
37771
37793
37806
37862
37921
37955
38066
38097
38191
38295
38372
38374
38449
38462
38618
38736
38798
39025
39041
39301
39354
39415
39442
39524
39619
39637
39690
39715
39752
39758
39852
39858
39919
39920
39923
39943
39993
40111
40543
40777
40801
40843
40927
40963
40969
41017
41034
41086
41251
41272
41282
41388
41390
41435
41443
41475
41488
41547
41656
41675
41680
41687
41714
41733
41763
41767
41797
41861
41876
41998
42063
42072
42158
42202
42223
42279
42490
42666
42700
42716
42739
42763
42797
42872
42953
42997
43106
43112
43141
43289
43298
43307
43412
43449
43531
43541
43861
43966
44049
44086
44118
